  464963  
  1227897  
  493902  
  502838  
  1374525  
  982730  
  252089  
  94249  
  566602  
  1236393  
  655800  
  1363103  
  1240162  
  716587  
  258048  
  518192  
  574330  
  1384808  
  450186  
  279547  
  444915  
  594847  
  397353  
  581413  
  924910  
  257386  
  818971  
  664424  
  414973  
  501985  
  1363072  
  1115391  
  957807  
  438466  
  1309707  
  1252364  
  991739  
  471408  
  1147693  
  692830  
  412375  
  591964  
  574433  
  907743  
  591875  
  485542  
  747494  
  493177  
  807170  
  1115149  
  474837  
  400100  
  447464  
  523153  
  399903  
  732547  
  477405  
  231993  
  818284  
  570010  
  736182  
  324657  
  732519  
  271970  
  584097  
  665935  
  479695  
  1004207  
  401478  
  95309  
  574252  
  229803  
  499922  
  481088  
  1309507  
  1284316  
  402941  
  839452  
  89655  
  412471  
  1166571  
  1387711  
  1048602  
  574253  
  674020  
  957395  
  302069  
  414524  
  400022  
  574232  
  557760  
  88742  
  1007866  
  676964  
  412377  
  1130970  
  412006  
  431109  
  403978  
  406299 